geneID	chr	start	end	total_exons	exon_changes	original_name
22307	Mc671	1357	21488	37	10	Mca22307
16239	Mc4147	993	21032	11	9	Mca16239
11202	Mc2385	18286	31755	9	7	Mca11202
22735	Mc6928	4662	8498	8	7	Mca22735
2319	Mc11281	10535	13308	10	7	Mca02319
1056	Mc1054	42917	47376	10	6	Mca01056
12616	Mc2842	27049	29908	9	6	Mca12616
26363	Mc8727	4918	13634	9	5	Mca26363
5018	Mc1302	33849	42791	14	5	Mca05018
6437	Mc13965	2804	5268	7	5	Mca06437
10218	Mc2082	9363	27517	10	4	Mca10218
13137	Mc300	30677	49676	8	4	Mca13137
1668	Mc109	59467	73115	5	4	Mca01668
18305	Mc4986	5076	15292	15	4	Mca18305
19140	Mc5316	14052	15018	5	4	Mca19140
22154	Mc6632	3375	7968	9	4	Mca22154
22496	Mc6805	1630	10565	7	4	Mca22496
23515	Mc7319	6351	12743	11	4	Mca23515
25150	Mc8115	1480	8145	11	4	Mca25150
4356	Mc12609	1794	4075	4	4	Mca04356
6667	Mc14109	3556	5386	5	4	Mca06667
6949	Mc1430	50297	56714	5	4	Mca06949
11449	Mc2456	7349	22473	23	3	Mca11449
12389	Mc2766	13429	29150	29	3	Mca12389
15133	Mc3709	7263	27178	4	3	Mca15133
16961	Mc4431	24179	26647	5	3	Mca16961
18349	Mc50	39413	90578	26	3	Mca18349
18443	Mc5039	3562	14196	6	3	Mca18443
20065	Mc5711	7094	18022	4	3	Mca20065
20608	Mc5945	3939	8286	7	3	Mca20608
21001	Mc6113	24111	37098	24	3	Mca21001
21367	Mc6272	14339	15900	5	3	Mca21367
21841	Mc6486	4675	11555	6	3	Mca21841
23105	Mc7101	10394	13702	6	3	Mca23105
23837	Mc746	3573	7168	5	3	Mca23837
24262	Mc7664	2631	16571	10	3	Mca24262
24597	Mc7835	6972	10090	5	3	Mca24597
3688	Mc1216	10000	19024	9	3	Mca03688
3920	Mc1230	42965	45190	11	3	Mca03920
7566	Mc1474	48649	65041	15	3	Mca07566
7685	Mc14835	1672	6286	9	3	Mca07685
10172	Mc2067	8229	22953	3	2	Mca10172
10267	Mc2097	6013	6536	2	2	Mca10267
10643	Mc2213	4669	10887	5	2	Mca10643
11267	Mc240	41153	51526	14	2	Mca11267
11639	Mc2515	6730	12687	3	2	Mca11639
12586	Mc2832	25736	30115	8	2	Mca12586
12615	Mc2842	26294	26828	2	2	Mca12615
12705	Mc2871	5040	12933	9	2	Mca12705
12775	Mc2892	22974	32689	3	2	Mca12775
12886	Mc2920	27955	29139	3	2	Mca12886
14103	Mc3345	26796	47445	27	2	Mca14103
14119	Mc3352	2323	7269	14	2	Mca14119
14278	Mc3407	7651	19486	12	2	Mca14278
14736	Mc3559	14323	17048	2	2	Mca14736
14852	Mc3590	17489	21987	5	2	Mca14852
15400	Mc3809	5191	36576	15	2	Mca15400
15438	Mc382	63266	77592	35	2	Mca15438
17770	Mc4757	6109	8547	2	2	Mca17770
17871	Mc4797	4497	11836	8	2	Mca17871
17894	Mc4807	9652	9995	2	2	Mca17894
17944	Mc483	23962	39160	7	2	Mca17944
1818	Mc10995	667	3499	5	2	Mca01818
18643	Mc511	1496	12981	2	2	Mca18643
18740	Mc5140	2465	9072	8	2	Mca18740
18795	Mc516	48484	50527	7	2	Mca18795
19914	Mc5640	2475	14282	32	2	Mca19914
20679	Mc5994	1339	3189	3	2	Mca20679
20681	Mc5994	4367	5684	2	2	Mca20681
21133	Mc6176	13385	15227	3	2	Mca21133
22687	Mc690	19616	27155	12	2	Mca22687
22902	Mc7	5860	14974	10	2	Mca22902
23491	Mc7308	9525	10375	2	2	Mca23491
23891	Mc748	35250	50506	10	2	Mca23891
2414	Mc11336	4559	8155	12	2	Mca02414
24216	Mc764	43323	59871	21	2	Mca24216
24398	Mc7734	5102	9369	12	2	Mca24398
24554	Mc7810	7334	10870	9	2	Mca24554
25650	Mc8359	195	5866	5	2	Mca25650
25821	Mc846	39570	44202	10	2	Mca25821
26348	Mc872	18877	29499	22	2	Mca26348
26751	Mc8936	2559	6321	5	2	Mca26751
3275	Mc119	70063	80232	3	2	Mca03275
4451	Mc12663	4433	8038	12	2	Mca04451
5750	Mc135	32680	46405	13	2	Mca05750
6436	Mc13965	1392	2454	5	2	Mca06436
7383	Mc1461	13148	16109	8	2	Mca07383
756	Mc10381	7403	8385	2	2	Mca00756
8409	Mc1555	14331	23888	5	2	Mca08409
9229	Mc1784	424	4512	6	2	Mca09229
10091	Mc2034	13801	16089	6	1	Mca10091
10130	Mc2052	8685	16242	15	1	Mca10130
10182	Mc2070	25049	29669	12	1	Mca10182
10282	Mc210	79821	84029	4	1	Mca10282
10323	Mc2109	17452	27214	9	1	Mca10323
10518	Mc2169	29866	31781	5	1	Mca10518
10614	Mc2205	11055	22187	7	1	Mca10614
10616	Mc2205	31300	34099	5	1	Mca10616
10640	Mc2212	9881	17579	10	1	Mca10640
10681	Mc222	80959	83253	6	1	Mca10681
10742	Mc224	81449	86282	11	1	Mca10742
11053	Mc2339	21745	29925	21	1	Mca11053
11384	Mc2432	12309	15527	6	1	Mca11384
11411	Mc2441	18675	20522	4	1	Mca11411
11488	Mc2467	18660	35875	5	1	Mca11488
11491	Mc2469	714	5312	14	1	Mca11491
11620	Mc2508	14263	20329	18	1	Mca11620
11737	Mc2551	15749	18911	7	1	Mca11737
11791	Mc2566	19416	31244	5	1	Mca11791
11813	Mc2573	22814	28040	6	1	Mca11813
11976	Mc2629	5202	7611	7	1	Mca11976
12153	Mc2691	12867	18361	10	1	Mca12153
12394	Mc2768	6126	22810	10	1	Mca12394
12438	Mc278	54403	64362	14	1	Mca12438
12721	Mc2877	7904	10041	3	1	Mca12721
12811	Mc2906	418	10669	13	1	Mca12811
12852	Mc2914	16718	19928	4	1	Mca12852
12861	Mc2917	4670	11956	14	1	Mca12861
12889	Mc2922	640	4526	7	1	Mca12889
12936	Mc2944	6405	12242	6	1	Mca12936
1300	Mc10693	1706	3140	6	1	Mca01300
13009	Mc296	60545	65116	7	1	Mca13009
13301	Mc3057	21073	27111	18	1	Mca13301
13382	Mc3092	1619	6637	8	1	Mca13382
1364	Mc10722	4667	7717	10	1	Mca01364
13681	Mc3198	1337	2692	5	1	Mca13681
13865	Mc3253	6889	11919	13	1	Mca13865
14033	Mc3320	8540	42119	10	1	Mca14033
14060	Mc3334	13033	26775	30	1	Mca14060
14061	Mc3335	2782	7227	10	1	Mca14061
1409	Mc10754	418	2143	5	1	Mca01409
14313	Mc3416	16809	19757	11	1	Mca14313
14572	Mc3506	5452	14898	8	1	Mca14572
14655	Mc3538	8438	10157	6	1	Mca14655
14933	Mc3629	10775	17932	7	1	Mca14933
15036	Mc367	54123	67490	37	1	Mca15036
15324	Mc378	5824	12537	3	1	Mca15324
15905	Mc4013	1143	11723	14	1	Mca15905
16246	Mc415	57684	67013	6	1	Mca16246
1630	Mc1088	27028	43604	11	1	Mca01630
16301	Mc4171	5023	17458	13	1	Mca16301
16317	Mc418	13403	25996	10	1	Mca16317
16429	Mc4223	12673	14981	5	1	Mca16429
16807	Mc4379	17188	20752	5	1	Mca16807
16932	Mc4420	12338	18698	9	1	Mca16932
17114	Mc4494	3364	8320	8	1	Mca17114
17299	Mc4568	4184	8755	6	1	Mca17299
17310	Mc4570	9663	14037	3	1	Mca17310
17389	Mc4601	17973	20473	10	1	Mca17389
17435	Mc4624	1337	8235	9	1	Mca17435
17556	Mc4664	1115	17682	36	1	Mca17556
17813	Mc4771	10096	19557	16	1	Mca17813
17883	Mc480	1580	12263	9	1	Mca17883
17925	Mc4818	10389	13787	4	1	Mca17925
18059	Mc4877	30	733	3	1	Mca18059
18516	Mc5066	10566	11558	3	1	Mca18516
18590	Mc509	89606	93407	9	1	Mca18590
18742	Mc5140	14762	24007	14	1	Mca18742
18948	Mc5227	65	2337	4	1	Mca18948
19409	Mc5429	10449	12292	8	1	Mca19409
19428	Mc5437	9166	13107	2	1	Mca19428
19571	Mc55	125380	127630	5	1	Mca19571
19638	Mc5525	15834	18353	4	1	Mca19638
19682	Mc5545	7171	10611	3	1	Mca19682
19871	Mc5611	2509	12125	9	1	Mca19871
20263	Mc5802	9761	15496	16	1	Mca20263
20444	Mc587	15286	46843	12	1	Mca20444
20502	Mc5899	1661	5734	11	1	Mca20502
20619	Mc5957	6484	16467	5	1	Mca20619
20733	Mc6009	2271	4376	5	1	Mca20733
20752	Mc6011	2475	6364	10	1	Mca20752
20754	Mc6011	10165	15247	5	1	Mca20754
20951	Mc61	39665	56923	7	1	Mca20951
2106	Mc11166	201	7388	15	1	Mca02106
21265	Mc6232	8965	18003	7	1	Mca21265
21368	Mc6276	85	2882	5	1	Mca21368
22029	Mc6575	3118	10162	8	1	Mca22029
22041	Mc6583	6702	9044	3	1	Mca22041
22288	Mc6697	21026	23931	3	1	Mca22288
22375	Mc674	44838	50864	15	1	Mca22375
22500	Mc6807	11479	14055	5	1	Mca22500
22592	Mc6856	5530	7546	3	1	Mca22592
22658	Mc6888	136	7644	5	1	Mca22658
22757	Mc6936	14401	17906	3	1	Mca22757
22893	Mc6998	5624	8969	3	1	Mca22893
23002	Mc7042	3998	12037	12	1	Mca23002
23091	Mc7097	6678	8755	8	1	Mca23091
23145	Mc7122	152	3832	7	1	Mca23145
23840	Mc746	11999	16384	7	1	Mca23840
23901	Mc7483	6339	8130	3	1	Mca23901
23924	Mc7496	9170	12899	11	1	Mca23924
24003	Mc754	26435	37120	6	1	Mca24003
2406	Mc11328	66	3052	3	1	Mca02406
24086	Mc7593	9046	15961	10	1	Mca24086
24494	Mc778	5520	14825	4	1	Mca24494
24673	Mc7875	7211	10660	3	1	Mca24673
24691	Mc7886	8095	10064	4	1	Mca24691
24932	Mc8012	10657	11459	4	1	Mca24932
25189	Mc8135	1399	11133	22	1	Mca25189
25521	Mc8299	1234	10121	8	1	Mca25521
25677	Mc8370	4618	8604	13	1	Mca25677
26257	Mc8684	2288	4092	5	1	Mca26257
26512	Mc882	36168	46470	4	1	Mca26512
26629	Mc8886	4188	10033	11	1	Mca26629
26709	Mc892	2938	10371	12	1	Mca26709
26775	Mc8956	730	14779	15	1	Mca26775
26840	Mc8987	6973	10548	6	1	Mca26840
26863	Mc8997	3791	5341	7	1	Mca26863
2719	Mc11527	475	6874	10	1	Mca02719
27397	Mc927	734	53201	121	1	Mca27397
27642	Mc941	1470	22953	27	1	Mca27642
27853	Mc9517	1652	4921	7	1	Mca27853
27931	Mc957	1248	11511	17	1	Mca27931
28002	Mc961	2429	3884	5	1	Mca28002
28164	Mc970	296	2758	8	1	Mca28164
2834	Mc1162	41	6143	22	1	Mca02834
2943	Mc11687	336	3572	5	1	Mca02943
3191	Mc11861	2	5168	7	1	Mca03191
3358	Mc11950	337	3941	6	1	Mca03358
3464	Mc12006	784	4770	10	1	Mca03464
3910	Mc123	91833	100284	9	1	Mca03910
4445	Mc1266	30884	40030	5	1	Mca04445
4473	Mc12678	8349	11898	4	1	Mca04473
4476	Mc1268	16834	24523	12	1	Mca04476
449	Mc10220	1842	5635	3	1	Mca00449
4642	Mc12789	405	3959	4	1	Mca04642
5015	Mc1302	11263	14748	9	1	Mca05015
514	Mc1025	12114	13639	5	1	Mca00514
5616	Mc13403	199	6606	19	1	Mca05616
57	Mc10011	1448	7173	7	1	Mca00057
5751	Mc135	46505	48399	6	1	Mca05751
6162	Mc13778	1428	5471	9	1	Mca06162
6275	Mc1386	2537	9027	13	1	Mca06275
634	Mc1031	67147	69492	3	1	Mca00634
6643	Mc14097	3735	5381	4	1	Mca06643
7580	Mc1476	12023	43121	12	1	Mca07580
7621	Mc1479	42565	43191	3	1	Mca07621
7628	Mc148	3585	6072	7	1	Mca07628
7633	Mc148	30299	37626	24	1	Mca07633
7702	Mc1485	15530	36500	13	1	Mca07702
7786	Mc1493	10672	39429	27	1	Mca07786
8264	Mc1528	15154	21937	4	1	Mca08264
8403	Mc1551	2204	16710	13	1	Mca08403
8412	Mc1556	16156	19219	5	1	Mca08412
8413	Mc1556	21318	26539	7	1	Mca08413
8422	Mc1558	11395	14942	7	1	Mca08422
8769	Mc165	93730	105776	31	1	Mca08769
8774	Mc1650	12591	39025	20	1	Mca08774
9055	Mc1733	13256	15274	5	1	Mca09055
909	Mc1047	1393	10826	5	1	Mca00909
9125	Mc1752	13731	15565	7	1	Mca09125
9137	Mc1755	2676	20309	13	1	Mca09137
9177	Mc1765	13802	22264	30	1	Mca09177
9315	Mc1805	31482	37214	10	1	Mca09315
9481	Mc186	15664	32404	19	1	Mca09481
9517	Mc1872	2813	11789	7	1	Mca09517
9617	Mc190	39900	44238	7	1	Mca09617
9664	Mc1915	23299	33680	6	1	Mca09664
9975	Mc200	275	7393	4	1	Mca09975
9998	Mc2006	30190	33346	8	1	Mca09998
10116	Mc2046	28302	33374	13	0	Mca10116
11159	Mc2369	9891	16252	13	0	Mca11159
12343	Mc2748	21717	29725	6	0	Mca12343
14832	Mc3583	10306	14210	9	0	Mca14832
15064	Mc3684	4657	17167	8	0	Mca15064
15182	Mc3730	7509	34537	8	0	Mca15182
15825	Mc3989	15651	19269	5	0	Mca15825
17398	Mc4607	10035	14799	9	0	Mca17398
17730	Mc4736	10420	19282	18	0	Mca17730
18406	Mc5020	9259	10908	2	0	Mca18406
20048	Mc5705	3845	7720	6	0	Mca20048
20476	Mc5886	1892	16555	26	0	Mca20476
20541	Mc5912	19875	22536	8	0	Mca20541
21428	Mc6299	5737	12139	5	0	Mca21428
22176	Mc665	42866	53483	7	0	Mca22176
22865	Mc6985	6728	11073	11	0	Mca22865
24524	Mc780	2479	9396	5	0	Mca24524
24806	Mc7948	2742	4063	3	0	Mca24806
26494	Mc8805	9786	12852	4	0	Mca26494
27259	Mc9195	10509	12033	5	0	Mca27259
27632	Mc9401	237	6807	9	0	Mca27632
28020	Mc962	29622	32744	7	0	Mca28020
28573	Mc994	10865	11394	2	0	Mca28573
3260	Mc11893	1139	3175	5	0	Mca03260
4341	Mc126	48574	61544	10	0	Mca04341
5897	Mc136	3790	6167	8	0	Mca05897
604	Mc10299	1583	5480	3	0	Mca00604
7222	Mc1451	30351	41500	12	0	Mca07222
7564	Mc1474	23398	25943	9	0	Mca07564
